
NUMPOLLIES 42

// Floor 1
-60.0  0.0 -60.0 0.0 60.0
-60.0  0.0  60.0 0.0 0.0
 60.0  0.0  60.0 60.0 0.0
-60.0  0.0 -60.0 0.0 60.0
 60.0  0.0 -60.0 60.0 60.0
 60.0  0.0  60.0 60.0 0.0

// Ceiling 1
-60.0  1.0 -60.0 0.0 30.0
-60.0  1.0  60.0 0.0 0.0
 60.0  1.0  60.0 30.0 0.0
-60.0  1.0 -60.0 0.0 30.0
 60.0  1.0 -60.0 30.0 30.0
 60.0  1.0  60.0 30.0 0.0

// A1

-2.0  1.0  -2.0 0.0 1.0
-2.0  0.0  -2.0 0.0 0.0
-1.0  0.0  -2.0 1.0 0.0
-2.0  1.0  -2.0 0.0 1.0
-1.0  1.0  -2.0 1.0 1.0
-1.0  0.0  -2.0 1.0 0.0

// A2

 2.0  1.0  -2.0 2.0 1.0
 2.0  0.0  -2.0 2.0 0.0
 1.0  0.0  -2.0 1.0 0.0
 2.0  1.0  -2.0 2.0 1.0
 1.0  1.0  -2.0 1.0 1.0
 1.0  0.0  -2.0 1.0 0.0

// B1

-2.0  1.0  2.0 2.0 1.0
-2.0  0.0  2.0 2.0 0.0
-1.0  0.0  2.0 1.0 0.0
-2.0  1.0  2.0 2.0 1.0
-1.0  1.0  2.0 1.0 1.0
-1.0  0.0  2.0 1.0 0.0

// B2

 2.0  1.0  2.0 2.0 1.0
 2.0  0.0  2.0 2.0 0.0
 1.0  0.0  2.0 1.0 0.0
 2.0  1.0  2.0 2.0 1.0
 1.0  1.0  2.0 1.0 1.0
 1.0  0.0  2.0 1.0 0.0

// C1

-2.0  1.0  -2.0 0.0 1.0
-2.0  0.0  -2.0 0.0 0.0
-2.0  0.0  -1.0 1.0 0.0
-2.0  1.0  -2.0 0.0 1.0
-2.0  1.0  -1.0 1.0 1.0
-2.0  0.0  -1.0 1.0 0.0

// C2

-2.0  1.0  2.0 2.0 1.0
-2.0  0.0  2.0 2.0 0.0
-2.0  0.0  1.0 1.0 0.0
-2.0  1.0  2.0 2.0 1.0
-2.0  1.0  1.0 1.0 1.0
-2.0  0.0  1.0 1.0 0.0

// D1

2.0  1.0  -2.0 0.0 1.0
2.0  0.0  -2.0 0.0 0.0
2.0  0.0  -1.0 1.0 0.0
2.0  1.0  -2.0 0.0 1.0
2.0  1.0  -1.0 1.0 1.0
2.0  0.0  -1.0 1.0 0.0

// D2

2.0  1.0  2.0 2.0 1.0
2.0  0.0  2.0 2.0 0.0
2.0  0.0  1.0 1.0 0.0
2.0  1.0  2.0 2.0 1.0
2.0  1.0  1.0 1.0 1.0
2.0  0.0  1.0 1.0 0.0

// Upper hallway - L
-1.0  1.0  -59.0 0.0 1.0
-1.0  0.0  -59.0 0.0 0.0
-1.0  0.0  -2.0 57.0 0.0
-1.0  1.0  -59.0 0.0 1.0
-1.0  1.0  -2.0 57.0 1.0
-1.0  0.0  -2.0 57.0 0.0

// Upper hallway - L2
-2.0  1.0  -60.0 0.0 1.0
-2.0  0.0  -60.0 0.0 0.0
-2.0  0.0  -1.0 59.0 0.0
-2.0  1.0  -60.0 0.0 1.0
-2.0  1.0  -1.0 59.0 1.0
-2.0  0.0  -1.0 59.0 0.0

// Upper hallway - R
1.0  1.0  -60.0 0.0 1.0
1.0  0.0  -60.0 0.0 0.0
1.0  0.0  -2.0 58.0 0.0
1.0  1.0  -60.0 0.0 1.0
1.0  1.0  -2.0 58.0 1.0
1.0  0.0  -2.0 58.0 0.0

// Lower hallway - L
-1.0  1.0  3.0 0.0 1.0
-1.0  0.0  3.0 0.0 0.0
-1.0  0.0  2.0 1.0 0.0
-1.0  1.0  3.0 0.0 1.0
-1.0  1.0  2.0 1.0 1.0
-1.0  0.0  2.0 1.0 0.0

// Lower hallway - R
1.0  1.0  3.0 0.0 1.0
1.0  0.0  3.0 0.0 0.0
1.0  0.0  2.0 1.0 0.0
1.0  1.0  3.0 0.0 1.0
1.0  1.0  2.0 1.0 1.0
1.0  0.0  2.0 1.0 0.0


// Left hallway - Lw

-3.0  1.0  1.0 1.0 1.0
-3.0  0.0  1.0 1.0 0.0
-2.0  0.0  1.0 0.0 0.0
-3.0  1.0  1.0 1.0 1.0
-2.0  1.0  1.0 0.0 1.0
-2.0  0.0  1.0 0.0 0.0

// Left hallway - Hi

-3.0  1.0  -1.0 1.0 1.0
-3.0  0.0  -1.0 1.0 0.0
-2.0  0.0  -1.0 0.0 0.0
-3.0  1.0  -1.0 1.0 1.0
-2.0  1.0  -1.0 0.0 1.0
-2.0  0.0  -1.0 0.0 0.0

// Right hallway - Lw

3.0  1.0  1.0 1.0 1.0
3.0  0.0  1.0 1.0 0.0
2.0  0.0  1.0 0.0 0.0
3.0  1.0  1.0 1.0 1.0
2.0  1.0  1.0 0.0 1.0
2.0  0.0  1.0 0.0 0.0

// Right hallway - Hi

3.0  1.0  -1.0 1.0 1.0
3.0  0.0  -1.0 1.0 0.0
2.0  0.0  -1.0 0.0 0.0
3.0  1.0  -1.0 1.0 1.0
2.0  1.0  -1.0 0.0 1.0
2.0  0.0  -1.0 0.0 0.0

// Upper wall
-59.0  1.0  -60.0 0.0 1.0
-59.0  0.0  -60.0 0.0 0.0
60.0  0.0  -60.0 119.0 0.0
-59.0  1.0  -60.0 0.0 1.0
60.0  1.0  -60.0 119.0 1.0
60.0  0.0  -60.0 119.0 0.0

// Lower wall
-60.0  1.0  60.0 0.0 1.0
-60.0  0.0  60.0 0.0 0.0
60.0  0.0  60.0 120.0 0.0
-60.0  1.0  60.0 0.0 1.0
60.0  1.0  60.0 120.0 1.0
60.0  0.0  60.0 120.0 0.0

// Left wall
-60.0  1.0  -60.0 0.0 1.0
-60.0  0.0  -60.0 0.0 0.0
-60.0  0.0  60.0 120.0 0.0
-60.0  1.0  -60.0 0.0 1.0
-60.0  1.0  60.0 120.0 1.0
-60.0  0.0  60.0 120.0 0.0

// Right wall
60.0  1.0  -60.0 0.0 1.0
60.0  0.0  -60.0 0.0 0.0
60.0  0.0  60.0 120.0 0.0
60.0  1.0  -60.0 0.0 1.0
60.0  1.0  60.0 120.0 1.0
60.0  0.0  60.0 120.0 0.0
