
NUMPOLLIES 42

// Floor 1

-60.0  0.0 -60.0 0.0 60.0
-60.0  0.0  60.0 0.0 0.0
 60.0  0.0  60.0 60.0 0.0
-60.0  0.0 -60.0 0.0 60.0
 60.0  0.0 -60.0 60.0 60.0
 60.0  0.0  60.0 60.0 0.0

// Ceiling 1

-60.0  1.0 -60.0 0.0 30.0
-60.0  1.0  60.0 0.0 0.0
 60.0  1.0  60.0 30.0 0.0
-60.0  1.0 -60.0 0.0 30.0
 60.0  1.0 -60.0 30.0 30.0
 60.0  1.0  60.0 30.0 0.0

// A1

-2.0  1.0  -2.0 0.0 1.0
-2.0  0.0  -2.0 0.0 0.0
-1.0  0.0  -2.0 1.0 0.0
-2.0  1.0  -2.0 0.0 1.0
-1.0  1.0  -2.0 1.0 1.0
-1.0  0.0  -2.0 1.0 0.0

// A2

 2.0  1.0  -2.0 2.0 1.0
 2.0  0.0  -2.0 2.0 0.0
 1.0  0.0  -2.0 1.0 0.0
 2.0  1.0  -2.0 2.0 1.0
 1.0  1.0  -2.0 1.0 1.0
 1.0  0.0  -2.0 1.0 0.0

// B1

-2.0  1.0  2.0 2.0 1.0
-2.0  0.0  2.0 2.0 0.0
-1.0  0.0  2.0 1.0 0.0
-2.0  1.0  2.0 2.0 1.0
-1.0  1.0  2.0 1.0 1.0
-1.0  0.0  2.0 1.0 0.0

// B2

 2.0  1.0  2.0 2.0 1.0
 2.0  0.0  2.0 2.0 0.0
 1.0  0.0  2.0 1.0 0.0
 2.0  1.0  2.0 2.0 1.0
 1.0  1.0  2.0 1.0 1.0
 1.0  0.0  2.0 1.0 0.0

// C1

-2.0  1.0  -2.0 0.0 1.0
-2.0  0.0  -2.0 0.0 0.0
-2.0  0.0  -1.0 1.0 0.0
-2.0  1.0  -2.0 0.0 1.0
-2.0  1.0  -1.0 1.0 1.0
-2.0  0.0  -1.0 1.0 0.0

// C2

-2.0  1.0  2.0 2.0 1.0
-2.0  0.0  2.0 2.0 0.0
-2.0  0.0  1.0 1.0 0.0
-2.0  1.0  2.0 2.0 1.0
-2.0  1.0  1.0 1.0 1.0
-2.0  0.0  1.0 1.0 0.0

// D1

2.0  1.0  -2.0 0.0 1.0
2.0  0.0  -2.0 0.0 0.0
2.0  0.0  -1.0 1.0 0.0
2.0  1.0  -2.0 0.0 1.0
2.0  1.0  -1.0 1.0 1.0
2.0  0.0  -1.0 1.0 0.0

// D2

2.0  1.0  2.0 2.0 1.0
2.0  0.0  2.0 2.0 0.0
2.0  0.0  1.0 1.0 0.0
2.0  1.0  2.0 2.0 1.0
2.0  1.0  1.0 1.0 1.0
2.0  0.0  1.0 1.0 0.0

// Upper hallway - L

-1.0  1.0  -59.0 0.0 1.0
-1.0  0.0  -59.0 0.0 0.0
-1.0  0.0  -2.0 57.0 0.0
-1.0  1.0  -59.0 0.0 1.0
-1.0  1.0  -2.0 57.0 1.0
-1.0  0.0  -2.0 57.0 0.0

// Upper hallway - L2

-3.0  1.0  -60.0 0.0 1.0
-3.0  0.0  -60.0 0.0 0.0
-3.0  0.0  -1.0 59.0 0.0
-3.0  1.0  -60.0 0.0 1.0
-3.0  1.0  -1.0 59.0 1.0
-3.0  0.0  -1.0 59.0 0.0

// Upper hallway - L3

-2.0  1.0  -60.0 0.0 1.0
-2.0  0.0  -60.0 0.0 0.0
-2.0  0.0  -3.0 57.0 0.0
-2.0  1.0  -60.0 0.0 1.0
-2.0  1.0  -3.0 57.0 1.0
-2.0  0.0  -3.0 57.0 0.0

// Upper hallway - R

1.0  1.0  -59.0 0.0 1.0
1.0  0.0  -59.0 0.0 0.0
1.0  0.0  -2.0 57.0 0.0
1.0  1.0  -59.0 0.0 1.0
1.0  1.0  -2.0 57.0 1.0
1.0  0.0  -2.0 57.0 0.0

// Upper hallway - R2

3.0  1.0  -60.0 0.0 1.0
3.0  0.0  -60.0 0.0 0.0
3.0  0.0  -1.0 59.0 0.0
3.0  1.0  -60.0 0.0 1.0
3.0  1.0  -1.0 59.0 1.0
3.0  0.0  -1.0 59.0 0.0

// Upper hallway - R3

2.0  1.0  -60.0 0.0 1.0
2.0  0.0  -60.0 0.0 0.0
2.0  0.0  -3.0 57.0 0.0
2.0  1.0  -60.0 0.0 1.0
2.0  1.0  -3.0 57.0 1.0
2.0  0.0  -3.0 57.0 0.0

// Upper hallway - R4

59.0  1.0  -59.0 0.0 1.0
59.0  0.0  -59.0 0.0 0.0
59.0  0.0  -2.0 57.0 0.0
59.0  1.0  -59.0 0.0 1.0
59.0  1.0  -2.0 57.0 1.0
59.0  0.0  -2.0 57.0 0.0

// Lower hallway - L

-1.0  1.0  3.0 0.0 1.0
-1.0  0.0  3.0 0.0 0.0
-1.0  0.0  2.0 1.0 0.0
-1.0  1.0  3.0 0.0 1.0
-1.0  1.0  2.0 1.0 1.0
-1.0  0.0  2.0 1.0 0.0

// Lower hallway - R

1.0  1.0  3.0 0.0 1.0
1.0  0.0  3.0 0.0 0.0
1.0  0.0  2.0 1.0 0.0
1.0  1.0  3.0 0.0 1.0
1.0  1.0  2.0 1.0 1.0
1.0  0.0  2.0 1.0 0.0


// Left hallway - Lw

-60.0  1.0  1.0 58.0 1.0
-60.0  0.0  1.0 58.0 0.0
-2.0  0.0  1.0 0.0 0.0
-60.0  1.0  1.0 58.0 1.0
-2.0  1.0  1.0 0.0 1.0
-2.0  0.0  1.0 0.0 0.0

// Left hallway - Hi

-59.0  1.0  -1.0 57.0 1.0
-59.0  0.0  -1.0 57.0 0.0
-2.0  0.0  -1.0 0.0 0.0
-59.0  1.0  -1.0 57.0 1.0
-2.0  1.0  -1.0 0.0 1.0
-2.0  0.0  -1.0 0.0 0.0

// Left hallway - Hi2

-60.0  1.0  -4.0 56.0 1.0
-60.0  0.0  -4.0 56.0 0.0
-4.0  0.0  -4.0 0.0 0.0
-60.0  1.0  -4.0 56.0 1.0
-4.0  1.0  -4.0 0.0 1.0
-4.0  0.0  -4.0 0.0 0.0

// Right hallway - Lw

60.0  1.0  1.0 58.0 1.0
60.0  0.0  1.0 58.0 0.0
2.0  0.0  1.0 0.0 0.0
60.0  1.0  1.0 58.0 1.0
2.0  1.0  1.0 0.0 1.0
2.0  0.0  1.0 0.0 0.0

// Right hallway - Hi

59.0  1.0  -1.0 57.0 1.0
59.0  0.0  -1.0 57.0 0.0
2.0  0.0  -1.0 0.0 0.0
59.0  1.0  -1.0 57.0 1.0
2.0  1.0  -1.0 0.0 1.0
2.0  0.0  -1.0 0.0 0.0

// Right hallway - H2

59.0  1.0  -2.0 55.0 1.0
59.0  0.0  -2.0 55.0 0.0
4.0  0.0  -2.0 0.0 0.0
59.0  1.0  -2.0 55.0 1.0
4.0  1.0  -2.0 0.0 1.0
4.0  0.0  -2.0 0.0 0.0

// Right hallway - H3

58.0  1.0  -3.0 55.0 1.0
58.0  0.0  -3.0 55.0 0.0
3.0  0.0  -3.0 0.0 0.0
58.0  1.0  -3.0 55.0 1.0
3.0  1.0  -3.0 0.0 1.0
3.0  0.0  -3.0 0.0 0.0

// Right hallway - H4

59.0  1.0  -4.0 55.0 1.0
59.0  0.0  -4.0 55.0 0.0
4.0  0.0  -4.0 0.0 0.0
59.0  1.0  -4.0 55.0 1.0
4.0  1.0  -4.0 0.0 1.0
4.0  0.0  -4.0 0.0 0.0

// Right hallway - H5

58.0  1.0  -5.0 55.0 1.0
58.0  0.0  -5.0 55.0 0.0
3.0  0.0  -5.0 0.0 0.0
58.0  1.0  -5.0 55.0 1.0
3.0  1.0  -5.0 0.0 1.0
3.0  0.0  -5.0 0.0 0.0

// Right hallway - H6

59.0  1.0  -6.0 55.0 1.0
59.0  0.0  -6.0 55.0 0.0
4.0  0.0  -6.0 0.0 0.0
59.0  1.0  -6.0 55.0 1.0
4.0  1.0  -6.0 0.0 1.0
4.0  0.0  -6.0 0.0 0.0


// Right hallway - H7

59.0  1.0  -7.0 55.0 1.0
59.0  0.0  -7.0 55.0 0.0
4.0  0.0  -7.0 0.0 0.0
59.0  1.0  -7.0 55.0 1.0
4.0  1.0  -7.0 0.0 1.0
4.0  0.0  -7.0 0.0 0.0

// Right hallway - H8

58.0  1.0  -8.0 55.0 1.0
58.0  0.0  -8.0 55.0 0.0
3.0  0.0  -8.0 0.0 0.0
58.0  1.0  -8.0 55.0 1.0
3.0  1.0  -8.0 0.0 1.0
3.0  0.0  -8.0 0.0 0.0

// Right hallway - H9

59.0  1.0  -9.0 55.0 1.0
59.0  0.0  -9.0 55.0 0.0
4.0  0.0  -9.0 0.0 0.0
59.0  1.0  -9.0 55.0 1.0
4.0  1.0  -9.0 0.0 1.0
4.0  0.0  -9.0 0.0 0.0

// Right hallway - H10

58.0  1.0  -10.0 55.0 1.0
58.0  0.0  -10.0 55.0 0.0
3.0  0.0  -10.0 0.0 0.0
58.0  1.0  -10.0 55.0 1.0
3.0  1.0  -10.0 0.0 1.0
3.0  0.0  -10.0 0.0 0.0

// Right hallway - H11

59.0  1.0  -11.0 55.0 1.0
59.0  0.0  -11.0 55.0 0.0
4.0  0.0  -11.0 0.0 0.0
59.0  1.0  -11.0 55.0 1.0
4.0  1.0  -11.0 0.0 1.0
4.0  0.0  -11.0 0.0 0.0

// Right hallway - H12

58.0  1.0  -12.0 55.0 1.0
58.0  0.0  -12.0 55.0 0.0
3.0  0.0  -12.0 0.0 0.0
58.0  1.0  -12.0 55.0 1.0
3.0  1.0  -12.0 0.0 1.0
3.0  0.0  -12.0 0.0 0.0

// Right hallway - H13

59.0  1.0  -13.0 55.0 1.0
59.0  0.0  -13.0 55.0 0.0
4.0  0.0  -13.0 0.0 0.0
59.0  1.0  -13.0 55.0 1.0
4.0  1.0  -13.0 0.0 1.0
4.0  0.0  -13.0 0.0 0.0

// Right hallway - H14

58.0  1.0  -14.0 55.0 1.0
58.0  0.0  -14.0 55.0 0.0
3.0  0.0  -14.0 0.0 0.0
58.0  1.0  -14.0 55.0 1.0
3.0  1.0  -14.0 0.0 1.0
3.0  0.0  -14.0 0.0 0.0

// Right hallway - H15

59.0  1.0  -15.0 55.0 1.0
59.0  0.0  -15.0 55.0 0.0
4.0  0.0  -15.0 0.0 0.0
59.0  1.0  -15.0 55.0 1.0
4.0  1.0  -15.0 0.0 1.0
4.0  0.0  -15.0 0.0 0.0

// Right hallway - H16

58.0  1.0  -16.0 55.0 1.0
58.0  0.0  -16.0 55.0 0.0
3.0  0.0  -16.0 0.0 0.0
58.0  1.0  -16.0 55.0 1.0
3.0  1.0  -16.0 0.0 1.0
3.0  0.0  -16.0 0.0 0.0

// Right hallway - H17

59.0  1.0  -17.0 55.0 1.0
59.0  0.0  -17.0 55.0 0.0
4.0  0.0  -17.0 0.0 0.0
59.0  1.0  -17.0 55.0 1.0
4.0  1.0  -17.0 0.0 1.0
4.0  0.0  -17.0 0.0 0.0

// Right hallway - H18

58.0  1.0  -18.0 55.0 1.0
58.0  0.0  -18.0 55.0 0.0
3.0  0.0  -18.0 0.0 0.0
58.0  1.0  -18.0 55.0 1.0
3.0  1.0  -18.0 0.0 1.0
3.0  0.0  -18.0 0.0 0.0

// Right hallway - H19

59.0  1.0  -19.0 55.0 1.0
59.0  0.0  -19.0 55.0 0.0
4.0  0.0  -19.0 0.0 0.0
59.0  1.0  -19.0 55.0 1.0
4.0  1.0  -19.0 0.0 1.0
4.0  0.0  -19.0 0.0 0.0

// Right hallway - H20

58.0  1.0  -20.0 55.0 1.0
58.0  0.0  -20.0 55.0 0.0
3.0  0.0  -20.0 0.0 0.0
58.0  1.0  -20.0 55.0 1.0
3.0  1.0  -20.0 0.0 1.0
3.0  0.0  -20.0 0.0 0.0

// Right hallway - H21

59.0  1.0  -21.0 55.0 1.0
59.0  0.0  -21.0 55.0 0.0
4.0  0.0  -21.0 0.0 0.0
59.0  1.0  -21.0 55.0 1.0
4.0  1.0  -21.0 0.0 1.0
4.0  0.0  -21.0 0.0 0.0

// Right hallway - H22

58.0  1.0  -22.0 55.0 1.0
58.0  0.0  -22.0 55.0 0.0
3.0  0.0  -22.0 0.0 0.0
58.0  1.0  -22.0 55.0 1.0
3.0  1.0  -22.0 0.0 1.0
3.0  0.0  -22.0 0.0 0.0

// Right hallway - H23

59.0  1.0  -23.0 55.0 1.0
59.0  0.0  -23.0 55.0 0.0
4.0  0.0  -23.0 0.0 0.0
59.0  1.0  -23.0 55.0 1.0
4.0  1.0  -23.0 0.0 1.0
4.0  0.0  -23.0 0.0 0.0

// Right hallway - H24

58.0  1.0  -24.0 55.0 1.0
58.0  0.0  -24.0 55.0 0.0
3.0  0.0  -24.0 0.0 0.0
58.0  1.0  -24.0 55.0 1.0
3.0  1.0  -24.0 0.0 1.0
3.0  0.0  -24.0 0.0 0.0

// Right hallway - H25

59.0  1.0  -25.0 55.0 1.0
59.0  0.0  -25.0 55.0 0.0
4.0  0.0  -25.0 0.0 0.0
59.0  1.0  -25.0 55.0 1.0
4.0  1.0  -25.0 0.0 1.0
4.0  0.0  -25.0 0.0 0.0

// Right hallway - H26

58.0  1.0  -26.0 55.0 1.0
58.0  0.0  -26.0 55.0 0.0
3.0  0.0  -26.0 0.0 0.0
58.0  1.0  -26.0 55.0 1.0
3.0  1.0  -26.0 0.0 1.0
3.0  0.0  -26.0 0.0 0.0

// Right hallway - H27

59.0  1.0  -27.0 55.0 1.0
59.0  0.0  -27.0 55.0 0.0
4.0  0.0  -27.0 0.0 0.0
59.0  1.0  -27.0 55.0 1.0
4.0  1.0  -27.0 0.0 1.0
4.0  0.0  -27.0 0.0 0.0

// Right hallway - H28

58.0  1.0  -28.0 55.0 1.0
58.0  0.0  -28.0 55.0 0.0
3.0  0.0  -28.0 0.0 0.0
58.0  1.0  -28.0 55.0 1.0
3.0  1.0  -28.0 0.0 1.0
3.0  0.0  -28.0 0.0 0.0

// Right hallway - H29

59.0  1.0  -29.0 55.0 1.0
59.0  0.0  -29.0 55.0 0.0
4.0  0.0  -29.0 0.0 0.0
59.0  1.0  -29.0 55.0 1.0
4.0  1.0  -29.0 0.0 1.0
4.0  0.0  -29.0 0.0 0.0

// Right hallway - H30

58.0  1.0  -30.0 55.0 1.0
58.0  0.0  -30.0 55.0 0.0
3.0  0.0  -30.0 0.0 0.0
58.0  1.0  -30.0 55.0 1.0
3.0  1.0  -30.0 0.0 1.0
3.0  0.0  -30.0 0.0 0.0

// Right hallway - H31

59.0  1.0  -31.0 55.0 1.0
59.0  0.0  -31.0 55.0 0.0
4.0  0.0  -31.0 0.0 0.0
59.0  1.0  -31.0 55.0 1.0
4.0  1.0  -31.0 0.0 1.0
4.0  0.0  -31.0 0.0 0.0

// Right hallway - H32

58.0  1.0  -32.0 55.0 1.0
58.0  0.0  -32.0 55.0 0.0
3.0  0.0  -32.0 0.0 0.0
58.0  1.0  -32.0 55.0 1.0
3.0  1.0  -32.0 0.0 1.0
3.0  0.0  -32.0 0.0 0.0

// Right hallway - H33

59.0  1.0  -33.0 55.0 1.0
59.0  0.0  -33.0 55.0 0.0
4.0  0.0  -33.0 0.0 0.0
59.0  1.0  -33.0 55.0 1.0
4.0  1.0  -33.0 0.0 1.0
4.0  0.0  -33.0 0.0 0.0

// Right hallway - H34

58.0  1.0  -34.0 55.0 1.0
58.0  0.0  -34.0 55.0 0.0
3.0  0.0  -34.0 0.0 0.0
58.0  1.0  -34.0 55.0 1.0
3.0  1.0  -34.0 0.0 1.0
3.0  0.0  -34.0 0.0 0.0

// Right hallway - H35

59.0  1.0  -35.0 55.0 1.0
59.0  0.0  -35.0 55.0 0.0
4.0  0.0  -35.0 0.0 0.0
59.0  1.0  -35.0 55.0 1.0
4.0  1.0  -35.0 0.0 1.0
4.0  0.0  -35.0 0.0 0.0

// Right hallway - H36

58.0  1.0  -36.0 55.0 1.0
58.0  0.0  -36.0 55.0 0.0
3.0  0.0  -36.0 0.0 0.0
58.0  1.0  -36.0 55.0 1.0
3.0  1.0  -36.0 0.0 1.0
3.0  0.0  -36.0 0.0 0.0

// Right hallway - H37

59.0  1.0  -37.0 55.0 1.0
59.0  0.0  -37.0 55.0 0.0
4.0  0.0  -37.0 0.0 0.0
59.0  1.0  -37.0 55.0 1.0
4.0  1.0  -37.0 0.0 1.0
4.0  0.0  -37.0 0.0 0.0

// Right hallway - H38

58.0  1.0  -38.0 55.0 1.0
58.0  0.0  -38.0 55.0 0.0
3.0  0.0  -38.0 0.0 0.0
58.0  1.0  -38.0 55.0 1.0
3.0  1.0  -38.0 0.0 1.0
3.0  0.0  -38.0 0.0 0.0

// Right hallway - H39

59.0  1.0  -39.0 55.0 1.0
59.0  0.0  -39.0 55.0 0.0
4.0  0.0  -39.0 0.0 0.0
59.0  1.0  -39.0 55.0 1.0
4.0  1.0  -39.0 0.0 1.0
4.0  0.0  -39.0 0.0 0.0

// Right hallway - H40

58.0  1.0  -40.0 55.0 1.0
58.0  0.0  -40.0 55.0 0.0
3.0  0.0  -40.0 0.0 0.0
58.0  1.0  -40.0 55.0 1.0
3.0  1.0  -40.0 0.0 1.0
3.0  0.0  -40.0 0.0 0.0

// Right hallway - H41

59.0  1.0  -41.0 55.0 1.0
59.0  0.0  -41.0 55.0 0.0
4.0  0.0  -41.0 0.0 0.0
59.0  1.0  -41.0 55.0 1.0
4.0  1.0  -41.0 0.0 1.0
4.0  0.0  -41.0 0.0 0.0

// Right hallway - H42

58.0  1.0  -42.0 55.0 1.0
58.0  0.0  -42.0 55.0 0.0
3.0  0.0  -42.0 0.0 0.0
58.0  1.0  -42.0 55.0 1.0
3.0  1.0  -42.0 0.0 1.0
3.0  0.0  -42.0 0.0 0.0

// Right hallway - H43

59.0  1.0  -43.0 55.0 1.0
59.0  0.0  -43.0 55.0 0.0
4.0  0.0  -43.0 0.0 0.0
59.0  1.0  -43.0 55.0 1.0
4.0  1.0  -43.0 0.0 1.0
4.0  0.0  -43.0 0.0 0.0

// Right hallway - H44

58.0  1.0  -44.0 55.0 1.0
58.0  0.0  -44.0 55.0 0.0
3.0  0.0  -44.0 0.0 0.0
58.0  1.0  -44.0 55.0 1.0
3.0  1.0  -44.0 0.0 1.0
3.0  0.0  -44.0 0.0 0.0

// Right hallway - H45

59.0  1.0  -45.0 55.0 1.0
59.0  0.0  -45.0 55.0 0.0
4.0  0.0  -45.0 0.0 0.0
59.0  1.0  -45.0 55.0 1.0
4.0  1.0  -45.0 0.0 1.0
4.0  0.0  -45.0 0.0 0.0

// Right hallway - H46

58.0  1.0  -46.0 55.0 1.0
58.0  0.0  -46.0 55.0 0.0
3.0  0.0  -46.0 0.0 0.0
58.0  1.0  -46.0 55.0 1.0
3.0  1.0  -46.0 0.0 1.0
3.0  0.0  -46.0 0.0 0.0

// Right hallway - H47

59.0  1.0  -47.0 55.0 1.0
59.0  0.0  -47.0 55.0 0.0
4.0  0.0  -47.0 0.0 0.0
59.0  1.0  -47.0 55.0 1.0
4.0  1.0  -47.0 0.0 1.0
4.0  0.0  -47.0 0.0 0.0

// Right hallway - H48

58.0  1.0  -48.0 55.0 1.0
58.0  0.0  -48.0 55.0 0.0
3.0  0.0  -48.0 0.0 0.0
58.0  1.0  -48.0 55.0 1.0
3.0  1.0  -48.0 0.0 1.0
3.0  0.0  -48.0 0.0 0.0

// Right hallway - H49

59.0  1.0  -49.0 55.0 1.0
59.0  0.0  -49.0 55.0 0.0
4.0  0.0  -49.0 0.0 0.0
59.0  1.0  -49.0 55.0 1.0
4.0  1.0  -49.0 0.0 1.0
4.0  0.0  -49.0 0.0 0.0

// Right hallway - H50

58.0  1.0  -50.0 55.0 1.0
58.0  0.0  -50.0 55.0 0.0
3.0  0.0  -50.0 0.0 0.0
58.0  1.0  -50.0 55.0 1.0
3.0  1.0  -50.0 0.0 1.0
3.0  0.0  -50.0 0.0 0.0

// Right hallway - H51

59.0  1.0  -51.0 55.0 1.0
59.0  0.0  -51.0 55.0 0.0
4.0  0.0  -51.0 0.0 0.0
59.0  1.0  -51.0 55.0 1.0
4.0  1.0  -51.0 0.0 1.0
4.0  0.0  -51.0 0.0 0.0

// Right hallway - H52

58.0  1.0  -52.0 55.0 1.0
58.0  0.0  -52.0 55.0 0.0
3.0  0.0  -52.0 0.0 0.0
58.0  1.0  -52.0 55.0 1.0
3.0  1.0  -52.0 0.0 1.0
3.0  0.0  -52.0 0.0 0.0

// Right hallway - H53

59.0  1.0  -53.0 55.0 1.0
59.0  0.0  -53.0 55.0 0.0
4.0  0.0  -53.0 0.0 0.0
59.0  1.0  -53.0 55.0 1.0
4.0  1.0  -53.0 0.0 1.0
4.0  0.0  -53.0 0.0 0.0

// Right hallway - H54

58.0  1.0  -54.0 55.0 1.0
58.0  0.0  -54.0 55.0 0.0
3.0  0.0  -54.0 0.0 0.0
58.0  1.0  -54.0 55.0 1.0
3.0  1.0  -54.0 0.0 1.0
3.0  0.0  -54.0 0.0 0.0

// Right hallway - H55

59.0  1.0  -55.0 55.0 1.0
59.0  0.0  -55.0 55.0 0.0
4.0  0.0  -55.0 0.0 0.0
59.0  1.0  -55.0 55.0 1.0
4.0  1.0  -55.0 0.0 1.0
4.0  0.0  -55.0 0.0 0.0

// Right hallway - H56

58.0  1.0  -56.0 55.0 1.0
58.0  0.0  -56.0 55.0 0.0
3.0  0.0  -56.0 0.0 0.0
58.0  1.0  -56.0 55.0 1.0
3.0  1.0  -56.0 0.0 1.0
3.0  0.0  -56.0 0.0 0.0

// Right hallway - H57

59.0  1.0  -57.0 55.0 1.0
59.0  0.0  -57.0 55.0 0.0
4.0  0.0  -57.0 0.0 0.0
59.0  1.0  -57.0 55.0 1.0
4.0  1.0  -57.0 0.0 1.0
4.0  0.0  -57.0 0.0 0.0

// Right hallway - H58

58.0  1.0  -58.0 55.0 1.0
58.0  0.0  -58.0 55.0 0.0
3.0  0.0  -58.0 0.0 0.0
58.0  1.0  -58.0 55.0 1.0
3.0  1.0  -58.0 0.0 1.0
3.0  0.0  -58.0 0.0 0.0

// Right hallway - H59

59.0  1.0  -59.0 55.0 1.0
59.0  0.0  -59.0 55.0 0.0
4.0  0.0  -59.0 0.0 0.0
59.0  1.0  -59.0 55.0 1.0
4.0  1.0  -59.0 0.0 1.0
4.0  0.0  -59.0 0.0 0.0

// Upper wall

-59.0  1.0  -60.0 0.0 1.0
-59.0  0.0  -60.0 0.0 0.0
60.0  0.0  -60.0 119.0 0.0
-59.0  1.0  -60.0 0.0 1.0
60.0  1.0  -60.0 119.0 1.0
60.0  0.0  -60.0 119.0 0.0

// Lower wall

-60.0  1.0  60.0 0.0 1.0
-60.0  0.0  60.0 0.0 0.0
60.0  0.0  60.0 120.0 0.0
-60.0  1.0  60.0 0.0 1.0
60.0  1.0  60.0 120.0 1.0
60.0  0.0  60.0 120.0 0.0

// Left wall

-60.0  1.0  -60.0 0.0 1.0
-60.0  0.0  -60.0 0.0 0.0
-60.0  0.0  60.0 120.0 0.0
-60.0  1.0  -60.0 0.0 1.0
-60.0  1.0  60.0 120.0 1.0
-60.0  0.0  60.0 120.0 0.0

// Right wall

60.0  1.0  -60.0 0.0 1.0
60.0  0.0  -60.0 0.0 0.0
60.0  0.0  60.0 120.0 0.0
60.0  1.0  -60.0 0.0 1.0
60.0  1.0  60.0 120.0 1.0
60.0  0.0  60.0 120.0 0.0


// Back hallway - S3

28.0  1.0  3.0 17.0 1.0
28.0  0.0  3.0 17.0 0.0
11.0  0.0  3.0 0.0 0.0
28.0  1.0  3.0 17.0 1.0
11.0  1.0  3.0 0.0 1.0
11.0  0.0  3.0 0.0 0.0

// Back hallway - S4

-52.0  1.0  74.0 0.0 1.0
-52.0  0.0  74.0 0.0 0.0
-52.0  0.0  17.0 57.0 0.0
-52.0  1.0  74.0 0.0 1.0
-52.0  1.0  17.0 57.0 1.0
-52.0  0.0  17.0 57.0 0.0

// Back hallway - S5

36.0  1.0  5.0 63.0 1.0
36.0  0.0  5.0 63.0 0.0
-27.0  0.0  5.0 0.0 0.0
36.0  1.0  5.0 63.0 1.0
-27.0  1.0  5.0 0.0 1.0
-27.0  0.0  5.0 0.0 0.0

// Back hallway - S6

-48.0  1.0  65.0 0.0 1.0
-48.0  0.0  65.0 0.0 0.0
-48.0  0.0  42.0 23.0 0.0
-48.0  1.0  65.0 0.0 1.0
-48.0  1.0  42.0 23.0 1.0
-48.0  0.0  42.0 23.0 0.0

// Back hallway - S7

-24.0  1.0  7.0 28.0 1.0
-24.0  0.0  7.0 28.0 0.0
-52.0  0.0  7.0 0.0 0.0
-24.0  1.0  7.0 28.0 1.0
-52.0  1.0  7.0 0.0 1.0
-52.0  0.0  7.0 0.0 0.0

// Back hallway - S8

-44.0  1.0  38.0 0.0 1.0
-44.0  0.0  38.0 0.0 0.0
-44.0  0.0  33.0 5.0 0.0
-44.0  1.0  38.0 0.0 1.0
-44.0  1.0  33.0 5.0 1.0
-44.0  0.0  33.0 5.0 0.0

// Back hallway - S9

25.0  1.0  9.0 53.0 1.0
25.0  0.0  9.0 53.0 0.0
-28.0  0.0  9.0 0.0 0.0
25.0  1.0  9.0 53.0 1.0
-28.0  1.0  9.0 0.0 1.0
-28.0  0.0  9.0 0.0 0.0

// Back hallway - S10

-40.0  1.0  50.0 0.0 1.0
-40.0  0.0  50.0 0.0 0.0
-40.0  0.0  41.0 9.0 0.0
-40.0  1.0  50.0 0.0 1.0
-40.0  1.0  41.0 9.0 1.0
-40.0  0.0  41.0 9.0 0.0

// Back hallway - S11

-18.0  1.0  11.0 14.0 1.0
-18.0  0.0  11.0 14.0 0.0
-32.0  0.0  11.0 0.0 0.0
-18.0  1.0  11.0 14.0 1.0
-32.0  1.0  11.0 0.0 1.0
-32.0  0.0  11.0 0.0 0.0

// Back hallway - S12

-36.0  1.0  56.0 0.0 1.0
-36.0  0.0  56.0 0.0 0.0
-36.0  0.0  20.0 36.0 0.0
-36.0  1.0  56.0 0.0 1.0
-36.0  1.0  20.0 36.0 1.0
-36.0  0.0  20.0 36.0 0.0

// Back hallway - S13

42.0  1.0  13.0 3.0 1.0
42.0  0.0  13.0 3.0 0.0
39.0  0.0  13.0 0.0 0.0
42.0  1.0  13.0 3.0 1.0
39.0  1.0  13.0 0.0 1.0
39.0  0.0  13.0 0.0 0.0

// Back hallway - S14

-32.0  1.0  48.0 0.0 1.0
-32.0  0.0  48.0 0.0 0.0
-32.0  0.0  42.0 6.0 0.0
-32.0  1.0  48.0 0.0 1.0
-32.0  1.0  42.0 6.0 1.0
-32.0  0.0  42.0 6.0 0.0

// Back hallway - S15

33.0  1.0  15.0 46.0 1.0
33.0  0.0  15.0 46.0 0.0
-13.0  0.0  15.0 0.0 0.0
33.0  1.0  15.0 46.0 1.0
-13.0  1.0  15.0 0.0 1.0
-13.0  0.0  15.0 0.0 0.0

// Back hallway - S16

-28.0  1.0  30.0 0.0 1.0
-28.0  0.0  30.0 0.0 0.0
-28.0  0.0  21.0 9.0 0.0
-28.0  1.0  30.0 0.0 1.0
-28.0  1.0  21.0 9.0 1.0
-28.0  0.0  21.0 9.0 0.0

// Back hallway - S17

-31.0  1.0  17.0 15.0 1.0
-31.0  0.0  17.0 15.0 0.0
-46.0  0.0  17.0 0.0 0.0
-31.0  1.0  17.0 15.0 1.0
-46.0  1.0  17.0 0.0 1.0
-46.0  0.0  17.0 0.0 0.0

// Back hallway - S18

-24.0  1.0  79.0 0.0 1.0
-24.0  0.0  79.0 0.0 0.0
-24.0  0.0  4.0 75.0 0.0
-24.0  1.0  79.0 0.0 1.0
-24.0  1.0  4.0 75.0 1.0
-24.0  0.0  4.0 75.0 0.0

// Back hallway - S19

9.0  1.0  19.0 42.0 1.0
9.0  0.0  19.0 42.0 0.0
-33.0  0.0  19.0 0.0 0.0
9.0  1.0  19.0 42.0 1.0
-33.0  1.0  19.0 0.0 1.0
-33.0  0.0  19.0 0.0 0.0

// Back hallway - S20

-20.0  1.0  57.0 0.0 1.0
-20.0  0.0  57.0 0.0 0.0
-20.0  0.0  18.0 39.0 0.0
-20.0  1.0  57.0 0.0 1.0
-20.0  1.0  18.0 39.0 1.0
-20.0  0.0  18.0 39.0 0.0

// Back hallway - S21

46.0  1.0  21.0 13.0 1.0
46.0  0.0  21.0 13.0 0.0
33.0  0.0  21.0 0.0 0.0
46.0  1.0  21.0 13.0 1.0
33.0  1.0  21.0 0.0 1.0
33.0  0.0  21.0 0.0 0.0

// Back hallway - S22

-16.0  1.0  44.0 0.0 1.0
-16.0  0.0  44.0 0.0 0.0
-16.0  0.0  8.0 36.0 0.0
-16.0  1.0  44.0 0.0 1.0
-16.0  1.0  8.0 36.0 1.0
-16.0  0.0  8.0 36.0 0.0

// Back hallway - S23

-23.0  1.0  23.0 35.0 1.0
-23.0  0.0  23.0 35.0 0.0
-58.0  0.0  23.0 0.0 0.0
-23.0  1.0  23.0 35.0 1.0
-58.0  1.0  23.0 0.0 1.0
-58.0  0.0  23.0 0.0 0.0

// Back hallway - S24

-12.0  1.0  63.0 0.0 1.0
-12.0  0.0  63.0 0.0 0.0
-12.0  0.0  39.0 24.0 0.0
-12.0  1.0  63.0 0.0 1.0
-12.0  1.0  39.0 24.0 1.0
-12.0  0.0  39.0 24.0 0.0

// Back hallway - S25

56.0  1.0  25.0 16.0 1.0
56.0  0.0  25.0 16.0 0.0
40.0  0.0  25.0 0.0 0.0
56.0  1.0  25.0 16.0 1.0
40.0  1.0  25.0 0.0 1.0
40.0  0.0  25.0 0.0 0.0

// Back hallway - S26

-8.0  1.0  50.0 0.0 1.0
-8.0  0.0  50.0 0.0 0.0
-8.0  0.0  25.0 25.0 0.0
-8.0  1.0  50.0 0.0 1.0
-8.0  1.0  25.0 25.0 1.0
-8.0  0.0  25.0 25.0 0.0

// Back hallway - S27

48.0  1.0  27.0 102.0 1.0
48.0  0.0  27.0 102.0 0.0
-54.0  0.0  27.0 0.0 0.0
48.0  1.0  27.0 102.0 1.0
-54.0  1.0  27.0 0.0 1.0
-54.0  0.0  27.0 0.0 0.0

// Back hallway - S28

-4.0  1.0  53.0 0.0 1.0
-4.0  0.0  53.0 0.0 0.0
-4.0  0.0  35.0 18.0 0.0
-4.0  1.0  53.0 0.0 1.0
-4.0  1.0  35.0 18.0 1.0
-4.0  0.0  35.0 18.0 0.0

// Back hallway - S29

28.0  1.0  29.0 31.0 1.0
28.0  0.0  29.0 31.0 0.0
-3.0  0.0  29.0 0.0 0.0
28.0  1.0  29.0 31.0 1.0
-3.0  1.0  29.0 0.0 1.0
-3.0  0.0  29.0 0.0 0.0

// Back hallway - S30

0.0  1.0  71.0 0.0 1.0
0.0  0.0  71.0 0.0 0.0
0.0  0.0  16.0 55.0 0.0
0.0  1.0  71.0 0.0 1.0
0.0  1.0  16.0 55.0 1.0
0.0  0.0  16.0 55.0 0.0

// Back hallway - S31

28.0  1.0  31.0 79.0 1.0
28.0  0.0  31.0 79.0 0.0
-51.0  0.0  31.0 0.0 0.0
28.0  1.0  31.0 79.0 1.0
-51.0  1.0  31.0 0.0 1.0
-51.0  0.0  31.0 0.0 0.0

// Back hallway - S32

4.0  1.0  35.0 0.0 1.0
4.0  0.0  35.0 0.0 0.0
4.0  0.0  6.0 29.0 0.0
4.0  1.0  35.0 0.0 1.0
4.0  1.0  6.0 29.0 1.0
4.0  0.0  6.0 29.0 0.0

// Back hallway - S33

41.0  1.0  33.0 99.0 1.0
41.0  0.0  33.0 99.0 0.0
-58.0  0.0  33.0 0.0 0.0
41.0  1.0  33.0 99.0 1.0
-58.0  1.0  33.0 0.0 1.0
-58.0  0.0  33.0 0.0 0.0

// Back hallway - S34

8.0  1.0  66.0 0.0 1.0
8.0  0.0  66.0 0.0 0.0
8.0  0.0  7.0 59.0 0.0
8.0  1.0  66.0 0.0 1.0
8.0  1.0  7.0 59.0 1.0
8.0  0.0  7.0 59.0 0.0

// Back hallway - S35

23.0  1.0  35.0 59.0 1.0
23.0  0.0  35.0 59.0 0.0
-36.0  0.0  35.0 0.0 0.0
23.0  1.0  35.0 59.0 1.0
-36.0  1.0  35.0 0.0 1.0
-36.0  0.0  35.0 0.0 0.0

// Back hallway - S36

12.0  1.0  53.0 0.0 1.0
12.0  0.0  53.0 0.0 0.0
12.0  0.0  5.0 48.0 0.0
12.0  1.0  53.0 0.0 1.0
12.0  1.0  5.0 48.0 1.0
12.0  0.0  5.0 48.0 0.0

// Back hallway - S37

52.0  1.0  37.0 66.0 1.0
52.0  0.0  37.0 66.0 0.0
-14.0  0.0  37.0 0.0 0.0
52.0  1.0  37.0 66.0 1.0
-14.0  1.0  37.0 0.0 1.0
-14.0  0.0  37.0 0.0 0.0

// Back hallway - S38

16.0  1.0  76.0 0.0 1.0
16.0  0.0  76.0 0.0 0.0
16.0  0.0  61.0 15.0 0.0
16.0  1.0  76.0 0.0 1.0
16.0  1.0  61.0 15.0 1.0
16.0  0.0  61.0 15.0 0.0

// Back hallway - S39

-10.0  1.0  39.0 43.0 1.0
-10.0  0.0  39.0 43.0 0.0
-53.0  0.0  39.0 0.0 0.0
-10.0  1.0  39.0 43.0 1.0
-53.0  1.0  39.0 0.0 1.0
-53.0  0.0  39.0 0.0 0.0

// Back hallway - S40

20.0  1.0  47.0 0.0 1.0
20.0  0.0  47.0 0.0 0.0
20.0  0.0  26.0 21.0 0.0
20.0  1.0  47.0 0.0 1.0
20.0  1.0  26.0 21.0 1.0
20.0  0.0  26.0 21.0 0.0

// Back hallway - S41

42.0  1.0  41.0 60.0 1.0
42.0  0.0  41.0 60.0 0.0
-18.0  0.0  41.0 0.0 0.0
42.0  1.0  41.0 60.0 1.0
-18.0  1.0  41.0 0.0 1.0
-18.0  0.0  41.0 0.0 0.0

// Back hallway - S42

24.0  1.0  75.0 0.0 1.0
24.0  0.0  75.0 0.0 0.0
24.0  0.0  73.0 2.0 0.0
24.0  1.0  75.0 0.0 1.0
24.0  1.0  73.0 2.0 1.0
24.0  0.0  73.0 2.0 0.0

// Back hallway - S43

-10.0  1.0  43.0 19.0 1.0
-10.0  0.0  43.0 19.0 0.0
-29.0  0.0  43.0 0.0 0.0
-10.0  1.0  43.0 19.0 1.0
-29.0  1.0  43.0 0.0 1.0
-29.0  0.0  43.0 0.0 0.0

// Back hallway - S44

28.0  1.0  44.0 0.0 1.0
28.0  0.0  44.0 0.0 0.0
28.0  0.0  33.0 11.0 0.0
28.0  1.0  44.0 0.0 1.0
28.0  1.0  33.0 11.0 1.0
28.0  0.0  33.0 11.0 0.0

// Back hallway - S45

-42.0  1.0  45.0 10.0 1.0
-42.0  0.0  45.0 10.0 0.0
-52.0  0.0  45.0 0.0 0.0
-42.0  1.0  45.0 10.0 1.0
-52.0  1.0  45.0 0.0 1.0
-52.0  0.0  45.0 0.0 0.0

// Back hallway - S46

32.0  1.0  55.0 0.0 1.0
32.0  0.0  55.0 0.0 0.0
32.0  0.0  53.0 2.0 0.0
32.0  1.0  55.0 0.0 1.0
32.0  1.0  53.0 2.0 1.0
32.0  0.0  53.0 2.0 0.0

// Back hallway - S47

20.0  1.0  47.0 4.0 1.0
20.0  0.0  47.0 4.0 0.0
16.0  0.0  47.0 0.0 0.0
20.0  1.0  47.0 4.0 1.0
16.0  1.0  47.0 0.0 1.0
16.0  0.0  47.0 0.0 0.0

// Back hallway - S48

36.0  1.0  33.0 0.0 1.0
36.0  0.0  33.0 0.0 0.0
36.0  0.0  27.0 6.0 0.0
36.0  1.0  33.0 0.0 1.0
36.0  1.0  27.0 6.0 1.0
36.0  0.0  27.0 6.0 0.0

// Back hallway - S49

39.0  1.0  49.0 77.0 1.0
39.0  0.0  49.0 77.0 0.0
-38.0  0.0  49.0 0.0 0.0
39.0  1.0  49.0 77.0 1.0
-38.0  1.0  49.0 0.0 1.0
-38.0  0.0  49.0 0.0 0.0

// Back hallway - S50

40.0  1.0  73.0 0.0 1.0
40.0  0.0  73.0 0.0 0.0
40.0  0.0  5.0 68.0 0.0
40.0  1.0  73.0 0.0 1.0
40.0  1.0  5.0 68.0 1.0
40.0  0.0  5.0 68.0 0.0

// Back hallway - S51

38.0  1.0  51.0 10.0 1.0
38.0  0.0  51.0 10.0 0.0
28.0  0.0  51.0 0.0 0.0
38.0  1.0  51.0 10.0 1.0
28.0  1.0  51.0 0.0 1.0
28.0  0.0  51.0 0.0 0.0

// Back hallway - S52

44.0  1.0  62.0 0.0 1.0
44.0  0.0  62.0 0.0 0.0
44.0  0.0  12.0 50.0 0.0
44.0  1.0  62.0 0.0 1.0
44.0  1.0  12.0 50.0 1.0
44.0  0.0  12.0 50.0 0.0

// Back hallway - S53

46.0  1.0  53.0 62.0 1.0
46.0  0.0  53.0 62.0 0.0
-16.0  0.0  53.0 0.0 0.0
46.0  1.0  53.0 62.0 1.0
-16.0  1.0  53.0 0.0 1.0
-16.0  0.0  53.0 0.0 0.0

// Back hallway - S54

48.0  1.0  55.0 0.0 1.0
48.0  0.0  55.0 0.0 0.0
48.0  0.0  21.0 34.0 0.0
48.0  1.0  55.0 0.0 1.0
48.0  1.0  21.0 34.0 1.0
48.0  0.0  21.0 34.0 0.0

// Back hallway - S55

12.0  1.0  55.0 6.0 1.0
12.0  0.0  55.0 6.0 0.0
6.0  0.0  55.0 0.0 0.0
12.0  1.0  55.0 6.0 1.0
6.0  1.0  55.0 0.0 1.0
6.0  0.0  55.0 0.0 0.0

// Back hallway - S56

52.0  1.0  35.0 0.0 1.0
52.0  0.0  35.0 0.0 0.0
52.0  0.0  7.0 28.0 0.0
52.0  1.0  35.0 0.0 1.0
52.0  1.0  7.0 28.0 1.0
52.0  0.0  7.0 28.0 0.0

// Back hallway - S57

57.0  1.0  57.0 76.0 1.0
57.0  0.0  57.0 76.0 0.0
-19.0  0.0  57.0 0.0 0.0
57.0  1.0  57.0 76.0 1.0
-19.0  1.0  57.0 0.0 1.0
-19.0  0.0  57.0 0.0 0.0

// Back hallway - S58

56.0  1.0  75.0 0.0 1.0
56.0  0.0  75.0 0.0 0.0
56.0  0.0  69.0 6.0 0.0
56.0  1.0  75.0 0.0 1.0
56.0  1.0  69.0 6.0 1.0
56.0  0.0  69.0 6.0 0.0

// Back hallway - S59

20.0  1.0  59.0 76.0 1.0
20.0  0.0  59.0 76.0 0.0
-56.0  0.0  59.0 0.0 0.0
20.0  1.0  59.0 76.0 1.0
-56.0  1.0  59.0 0.0 1.0
-56.0  0.0  59.0 0.0 0.0


